1697974641 42697
1697974642 42464
1697974643 42406
1697974644 42348
1697974645 42290
1697974646 42232
1697974647 42290
1697974648 42232
1697974649 42232
1697974650 42290
1697974651 42290
1697974652 42290
1697974653 42232
1697974654 42232
1697974655 42174
1697974656 42116
1697974658 42116
1697974659 42174
1697974660 42116
1697974661 42116
1697974662 42116
1697974663 42058
1697974664 42058
1697974665 42058
1697974666 42058
1697974667 42058
1697974668 42058
1697974669 42058
1697974670 42058
1697974671 42058
1697974672 42058
1697974673 42000
1697974674 42000
1697974675 42000
1697974676 42000
1697974677 42000
1697974678 42000
1697974679 42000
1697974680 42000
1697974681 42000
1697974682 42000
1697974683 41942
1697974684 41942
1697974685 41942
1697974686 41942
1697974687 41942
1697974688 41942
1697974689 41942
1697974690 42000
1697974691 41942
1697974692 41942
1697974693 41942
1697974694 41942
1697974695 41942
1697974696 41942
1697974697 41942
1697974698 41942
1697974699 41942
1697974700 41942
1697974701 41942
1697974702 43625
1697974703 44495
1697974704 45133
1697974705 45655
1697974706 46061
1697974708 46467
1697974709 46757
1697974710 47047
1697974711 47337
1697974712 47511
1697974713 47744
1697974714 47918
1697974715 48092
1697974716 48266
1697974717 48382
1697974718 48498
1697974719 48672
1697974720 48788
1697974721 48846
1697974723 49020
1697974724 49078
1697974725 49194
1697974726 49310
1697974727 49368
1697974728 49426
1697974729 49542
1697974730 49600
1697974731 49716
1697974732 49774
1697974733 49832
1697974734 49890
1697974735 49948
1697974736 50006
1697974737 50064
1697974738 50122
1697974740 50180
1697974741 50238
1697974742 50296
1697974743 50354
1697974744 50354
1697974745 50412
1697974746 50470
1697974747 50470
1697974748 50528
1697974749 50586
1697974750 50586
1697974751 50644
1697974752 50702
1697974753 50702
1697974755 50702
1697974756 50760
1697974757 50818
1697974758 50818
1697974759 50876
1697974760 50876
1697974761 50934
1697974762 50934
1697974763 50992
1697974764 51050
1697974765 51050
1697974766 51108
1697974767 51108
1697974768 51166
1697974769 51166
1697974771 51166
1697974772 51224
1697974773 51224
1697974774 51282
1697974775 51282
1697974776 51340
1697974777 51340
1697974778 51340
1697974779 51398
1697974780 51398
1697974781 51456
1697974782 51456
1697974783 51456
1697974784 51514
1697974785 51514
1697974787 51514
1697974788 51572
1697974789 51572
1697974790 51572
1697974791 51630
1697974792 51630
1697974793 51630
1697974794 51630
1697974795 51688
1697974796 51688
1697974797 51688
1697974798 51746
1697974799 51746
1697974800 51746
1697974802 51804
1697974803 51804
1697974804 51862
1697974805 51862
1697974806 51862
1697974807 51920
1697974808 51920
1697974809 51920
1697974810 51920
1697974811 51978
1697974812 51978
1697974813 51978
1697974814 51978
1697974815 51978
1697974816 52036
1697974818 52036
1697974819 52036
1697974820 52036
1697974821 52036
1697974822 52036
1697974823 52094
1697974824 52094
1697974825 52094
1697974826 52094
1697974827 52152
1697974828 52152
1697974829 52152
1697974830 52152
1697974831 52210
1697974832 52210
1697974834 52210
1697974835 52210
1697974836 52210
1697974837 52210
1697974838 52268
1697974839 52268
1697974840 52268
1697974841 52268
1697974842 52268
1697974843 52268
1697974844 52268
1697974845 52326
1697974846 52326
1697974847 52326
1697974849 52326
1697974850 52326
1697974851 52326
1697974852 52326
1697974853 52326
1697974854 52384
1697974855 52384
1697974856 52384
1697974857 52384
1697974858 52384
1697974859 52442
1697974860 52384
1697974861 52442
1697974862 52442
1697974863 52442
1697974865 52501
1697974866 52501
1697974867 52501
1697974868 52501
1697974869 52501
1697974870 52501
1697974871 52559
1697974872 52559
1697974873 52501
1697974874 52559
1697974875 52501
1697974876 52559
1697974877 52559
1697974878 52559
1697974879 52559
1697974881 52559
1697974882 52559
1697974883 52559
1697974884 52559
1697974885 52559
1697974886 52559
1697974887 52617
1697974888 52559
1697974889 52559
1697974890 52617
1697974891 52617
1697974892 52617
1697974893 52617
1697974894 52617
1697974895 52675
1697974897 52675
1697974898 52675
1697974899 52675
1697974900 52675
1697974901 52675
1697974902 52675
1697974903 52675
1697974904 52675
1697974905 52733
1697974906 52733
1697974907 52733
1697974908 52733
1697974909 52733
1697974910 52733
1697974911 52733
1697974913 52733
1697974914 52791
1697974915 52791
1697974916 52791
1697974917 52791
1697974918 52791
1697974919 52791
1697974920 52791
1697974921 52791
1697974922 52791
1697974923 52849
1697974924 52849
1697974925 52849
1697974926 52849
1697974927 52849
1697974928 52849
1697974930 52849
1697974931 52849
1697974932 52849
1697974933 52849
1697974934 52849
1697974935 52907
1697974936 52907
1697974937 52907
1697974938 52907
1697974939 52907
1697974940 52907
1697974941 52907
1697974942 52907
1697974943 52907
1697974944 52907
1697974946 52907
1697974947 52907
1697974948 52907
1697974949 52965
1697974950 52965
1697974951 52965
1697974952 52965
1697974953 52965
1697974954 52965
1697974955 52965
1697974956 52965
1697974957 52965
1697974958 52965
1697974959 52965
1697974960 52965
1697974962 53023
1697974963 52965
1697974964 52965
1697974965 53023
1697974966 53023
1697974967 53023
1697974968 53023
1697974969 53023
1697974970 53023
1697974971 53023
1697974972 53023
1697974973 53023
1697974974 53023
1697974975 53023
1697974976 53023
1697974978 53023
1697974979 53023
1697974980 53023
1697974981 53023
1697974982 53081
1697974983 53081
1697974984 53081
1697974985 53081
1697974986 53081
1697974987 53081
1697974988 53081
1697974989 53081
1697974990 53081
1697974991 53081
1697974992 53081
1697974994 53081
1697974995 53081
1697974996 53081
1697974997 53139
1697974998 53139
1697974999 53139
1697975000 53139
1697975001 53139
1697975002 53139
1697975003 53139
1697975004 53139
1697975005 53139
1697975006 53139
1697975007 53139
1697975008 53139
1697975010 53139
1697975011 53139
1697975012 53139
1697975013 53139
1697975014 53139
1697975015 53139
1697975016 53139
1697975017 53139
1697975018 53197
1697975019 53139
1697975020 53139
1697975021 53197
1697975022 53139
1697975023 53139
1697975024 53139
1697975026 53197
1697975027 53197
1697975028 53197
1697975029 53197
1697975030 53197
1697975031 53197
1697975032 53255
1697975033 53197
1697975034 53197
1697975035 53197
1697975036 53197
1697975037 53197
1697975038 53197
1697975039 53197
1697975041 53255
1697975042 53255
1697975043 53255
1697975044 53255
1697975045 53255
1697975046 53255
1697975047 53255
1697975048 53255
1697975049 53255
1697975050 53255
1697975051 53255
1697975052 53255
1697975053 53313
1697975054 53313
1697975055 53313
1697975057 53313
1697975058 53313
1697975059 53313
1697975060 53313
1697975061 53313
1697975062 53313
1697975063 53313
1697975064 53313
1697975065 53313
1697975066 53313
1697975067 53371
1697975068 53371
1697975069 53371
1697975070 53371
1697975071 53371
1697975073 53313
1697975074 53313
1697975075 53313
1697975076 53371
1697975077 53371
1697975078 53371
1697975079 53371
1697975080 53371
1697975081 53371
1697975082 53371
1697975083 53371
1697975084 53371
1697975085 53371
1697975086 53429
1697975088 53371
1697975089 53371
1697975090 53371
1697975091 53371
1697975092 53371
1697975093 53371
1697975094 53429
1697975095 53371
1697975096 53371
1697975097 53429
1697975098 53429
1697975099 53429
1697975100 53429
1697975101 53429
1697975102 53429
1697975104 53429
1697975105 53429
1697975106 53429
1697975107 53429
1697975108 53429
1697975109 53429
1697975110 53429
1697975111 53487
1697975112 53429
1697975113 53487
1697975114 53487
1697975115 53487
1697975116 53487
1697975117 53487
1697975119 53487
1697975120 53487
1697975121 53487
1697975122 53487
1697975123 53487
1697975124 53487
1697975125 53487
1697975126 53487
1697975127 53487
1697975128 53487
1697975129 53487
1697975130 53545
1697975131 53487
1697975132 53545
1697975134 53545
1697975135 53545
1697975136 53545
1697975137 53545
1697975138 53545
1697975139 53545
1697975140 53545
1697975141 53545
1697975142 53545
1697975143 53545
1697975144 53545
1697975145 53545
1697975146 53603
1697975147 53603
1697975148 53603
1697975150 53603
1697975151 53603
1697975152 53603
1697975153 53603
1697975154 53603
1697975155 53603
1697975156 53603
1697975157 53603
1697975158 53603
1697975159 53603
1697975160 53603
1697975161 53603
1697975162 53603
1697975163 53603
1697975164 53603
1697975166 53603
1697975167 53603
1697975168 53603
1697975169 53603
1697975170 53603
1697975171 53603
1697975172 53603
1697975173 53603
1697975174 53603
1697975175 53603
1697975176 53603
1697975177 53603
1697975178 53661
1697975179 53661
1697975181 53661
1697975182 53661
1697975183 53661
1697975184 53719
1697975185 53719
1697975186 53719
1697975187 53777
1697975188 53777
1697975189 53777
1697975190 53777
1697975191 53777
1697975192 53777
1697975193 53777
1697975194 53835
1697975195 53835
1697975197 53835
1697975198 53835
1697975199 53835
1697975200 53893
1697975201 53893
1697975202 53893
1697975203 53893
1697975204 53893
1697975205 53893
1697975206 53893
1697975207 53893
1697975208 53951
1697975209 53951
1697975210 53951
1697975212 53951
1697975213 53951
1697975214 53951
1697975215 53951
1697975216 53951
1697975217 53951
1697975218 53951
1697975219 54009
1697975220 54009
1697975221 54009
1697975222 54009
1697975223 54009
1697975224 54009
1697975225 54067
1697975226 54067
1697975227 54067
1697975229 54067
1697975230 54067
1697975231 54067
1697975232 54067
1697975233 54067
1697975234 54067
1697975235 54067
1697975236 54067
1697975237 54125
1697975238 54067
1697975239 54125
1697975240 54125
1697975241 54125
1697975242 54125
1697975244 54125
1697975245 54125
1697975246 54125
1697975247 54183
1697975248 54183
1697975249 54183
1697975250 54183
1697975251 54183
1697975252 54183
1697975253 54183
1697975254 54183
1697975255 54183
1697975256 54183
1697975257 54183
1697975258 54183
1697975260 54241
1697975261 54241
1697975262 54241
1697975263 54241
1697975264 54241
1697975265 54241
1697975266 54241
1697975267 54241
1697975268 54299
1697975269 54299
1697975270 54241
1697975271 54299
1697975272 54299
1697975273 54299
1697975274 54299
1697975276 54299
1697975277 54299
1697975278 54299
1697975279 54357
1697975280 54357
1697975281 54299
1697975282 54357
1697975283 54357
1697975284 54357
1697975285 54357
1697975286 54357
1697975287 54357
1697975288 54357
1697975289 54357
1697975291 54357
1697975292 54357
1697975293 54357
1697975294 54357
1697975295 54415
1697975296 54357
1697975297 54415
1697975298 54415
1697975299 54357
1697975300 54415
1697975301 54415
1697975302 54415
1697975303 54415
1697975304 54415
1697975305 54415
1697975307 54415
1697975308 54415
1697975309 54415
1697975310 54415
1697975311 54415
1697975312 54415
1697975313 54415
1697975314 54415
1697975315 54473
1697975316 54473
1697975317 54473
1697975318 54473
1697975319 54415
1697975320 54473
1697975322 54473
1697975323 54473
1697975324 54473
1697975325 54473
1697975326 54473
1697975327 54473
1697975328 54531
1697975329 54531
1697975330 54531
1697975331 54531
1697975332 54531
1697975333 54531
1697975334 54531
1697975335 54531
1697975337 54531
1697975338 54531
1697975339 54531
1697975340 54531
1697975341 54531
1697975342 54531
1697975343 54531
1697975344 54473
1697975345 54531
1697975346 54531
1697975347 54531
1697975348 54531
1697975349 54531
1697975350 54473
1697975351 54531
1697975353 54531
1697975354 54531
1697975355 54473
1697975356 54531
1697975357 54531
1697975358 54473
1697975359 54531
1697975360 54531
1697975361 54531
1697975362 54531
1697975363 54531
1697975364 54531
1697975365 54531
1697975366 54531
1697975367 54531
1697975369 54531
1697975370 54531
1697975371 54531
1697975372 54531
1697975373 54531
1697975374 54531
1697975375 54531
1697975376 54531
1697975377 54589
1697975378 54589
1697975379 54589
1697975380 54531
1697975381 54531
1697975382 54589
1697975383 54531
1697975385 54589
1697975386 54589
1697975387 54589
1697975388 54589
1697975389 54589
1697975390 54589
1697975391 54589
1697975392 54589
1697975393 54589
1697975394 54589
1697975395 54589
1697975396 54589
1697975397 54589
1697975398 54589
1697975399 54589
1697975401 54589
1697975402 54589
1697975403 54589
1697975404 54589
1697975405 54589
1697975406 54589
1697975407 54589
1697975408 54647
1697975409 54647
1697975410 54647
1697975411 54647
1697975412 54647
1697975413 54647
1697975414 54647
1697975416 54647
1697975417 54647
1697975418 54647
1697975419 54647
1697975420 54647
1697975421 54647
1697975422 54647
1697975423 54705
1697975424 54647
1697975425 54705
1697975426 54705
1697975427 54705
1697975428 54705
1697975429 54705
1697975431 54705
1697975432 54705
1697975433 54705
1697975434 54705
1697975435 54705
1697975436 54705
1697975437 54705
1697975438 54705
1697975439 54763
1697975440 54705
1697975441 54705
1697975442 54705
1697975443 54705
1697975444 54763
1697975445 54763
1697975447 54763
1697975448 54763
1697975449 54705
1697975450 54705
1697975451 54705
1697975452 54705
1697975453 54705
1697975454 54705
1697975455 54705
1697975456 54705
1697975457 54705
1697975458 54705
1697975459 54705
1697975460 54705
1697975461 54705
1697975463 54705
1697975464 54705
1697975465 54705
1697975466 54705
1697975467 54705
1697975468 54705
1697975469 54705
1697975470 54705
1697975471 54705
1697975472 54705
1697975473 54705
1697975474 54705
1697975475 54705
1697975476 54705
1697975477 54705
1697975479 54647
1697975480 54647
1697975481 54647
1697975482 54589
1697975483 54647
1697975484 54647
1697975485 54589
1697975486 54647
1697975487 54647
1697975488 54647
1697975489 54589
1697975490 54647
1697975491 54647
1697975492 54647
1697975494 54647
1697975495 54647
1697975496 54647
1697975497 54647
1697975498 54647
1697975499 54647
1697975500 54647
1697975501 54647
1697975502 54647
1697975503 54647
1697975504 54647
1697975505 54647
1697975506 54647
1697975507 54647
1697975509 54647
1697975510 54647
1697975511 54589
1697975512 54589
1697975513 54589
1697975514 54589
1697975515 54589
1697975516 54589
1697975517 54589
1697975518 54531
1697975519 54589
1697975520 54589
1697975521 54531
1697975522 54531
1697975523 54531
1697975525 54531
1697975526 54531
1697975527 54531
1697975528 54531
1697975529 54531
1697975530 54531
1697975531 54531
1697975532 54531
1697975533 54531
1697975534 54531
1697975535 54589
1697975536 54589
1697975537 54589
1697975538 54589
1697975539 54589
1697975541 54589
1697975542 54589
1697975543 54589
1697975544 54589
1697975545 54589
1697975546 54647
1697975547 54589
1697975548 54647
1697975549 54647
1697975550 54647
1697975551 54647
1697975552 54647
1697975553 54647
1697975554 54647
1697975556 54647
1697975557 54647
1697975558 54647
1697975559 54705
1697975560 54705
1697975561 54705
1697975562 54705
1697975563 54705
1697975564 54705
1697975565 54705
1697975566 54705
1697975567 54705
1697975568 54705
1697975570 54705
1697975571 54705
1697975572 54705
1697975573 54705
1697975574 54705
1697975575 54705
1697975576 54763
1697975577 54763
1697975578 54763
1697975579 54763
1697975580 54763
1697975581 54763
1697975582 54763
1697975583 54763
1697975585 54763
1697975586 54763
1697975587 54763
1697975588 54763
1697975589 54763
1697975590 54763
1697975591 54821
1697975592 54821
1697975593 54763
1697975594 54763
1697975595 54763
1697975596 54763
1697975597 54763
1697975598 54821
1697975600 54763
1697975601 54763
1697975602 54763
1697975603 54763
1697975604 54763
1697975605 54763
1697975606 54763
1697975607 54763
1697975608 54763
1697975609 54763
1697975610 54763
1697975611 54763
1697975612 54763
1697975613 54763
1697975615 54763
1697975616 54763
1697975617 54763
1697975618 54763
1697975619 54763
1697975620 54763
1697975621 54763
1697975622 54821
1697975623 54821
1697975624 54821
1697975625 54821
1697975626 54821
1697975627 54821
1697975628 54821
1697975630 54821
1697975631 54821
1697975632 54821
1697975633 54821
1697975634 54821
1697975635 54821
1697975636 54821
1697975637 54879
1697975638 54821
1697975639 54879
1697975640 54821
1697975641 54879
1697975642 54879
1697975643 54879
1697975645 54879
1697975646 54879
1697975647 54879
1697975648 54879
1697975649 54879
1697975650 54879
1697975651 54879
1697975652 54879
1697975653 54879
1697975654 54879
1697975655 54879
1697975656 54879
1697975657 54821
1697975658 54821
1697975659 54821
1697975661 54879
1697975662 54821
1697975663 54821
1697975664 54821
1697975665 54879
1697975666 54821
1697975667 54879
1697975668 54821
1697975669 54821
1697975670 54821
1697975671 54821
1697975672 54879
1697975673 54821
1697975674 54821
1697975675 54879
1697975677 54879
1697975678 54879
1697975679 54879
1697975680 54879
1697975681 54879
1697975682 54879
1697975683 54879
1697975684 54879
1697975685 54879
1697975686 54879
1697975687 54879
1697975688 54879
1697975689 54937
1697975690 54879
1697975691 54937
1697975693 54879
1697975694 54937
1697975695 54937
1697975696 54937
1697975697 54937
1697975698 54937
1697975699 54937
1697975700 54937
1697975701 54937
1697975702 54937
1697975703 54937
1697975704 54937
1697975705 54937
1697975706 54937
1697975708 54937
1697975709 54937
1697975710 54937
1697975711 54937
1697975712 54937
1697975713 54937
1697975714 54937
1697975715 54937
1697975716 54937
1697975717 54937
1697975718 54937
1697975719 54937
1697975720 54937
1697975721 54937
1697975722 54937
1697975724 54937
1697975725 54937
1697975726 54937
1697975727 54937
1697975728 54937
1697975729 54937
1697975730 54937
1697975731 54937
1697975732 54937
1697975733 54937
1697975734 54937
1697975735 54937
1697975736 54937
1697975737 54937
1697975738 54937
1697975740 54937
1697975741 54937
1697975742 54937
1697975743 54937
1697975744 54937
1697975745 54937
1697975746 54937
1697975747 54937
1697975748 54937
1697975749 54937
1697975750 54937
1697975751 54937
1697975752 54937
1697975753 54937
1697975754 54995
1697975756 54995
1697975757 54995
1697975758 54995
1697975759 54995
1697975760 54995
1697975761 54995
1697975762 54995
1697975763 54995
1697975764 54995
1697975765 54995
1697975766 54995
1697975767 54995
1697975768 54995
1697975769 54995
1697975770 55053
1697975772 54995
1697975773 54995
1697975774 54995
1697975775 54995
1697975776 54995
1697975777 54995
1697975778 54995
1697975779 54995
1697975780 54995
1697975781 54995
1697975782 55053
1697975783 54995
1697975784 55053
1697975785 55053
1697975787 55053
1697975788 55053
1697975789 55053
1697975790 55053
1697975791 55053
1697975792 55053
1697975793 54995
1697975794 54995
1697975795 54995
1697975796 54995
1697975797 54995
1697975798 54995
1697975799 54937
1697975800 54937
1697975801 54937
1697975803 54937
1697975804 54937
1697975805 54937
1697975806 54879
1697975807 54879
1697975808 54879
1697975809 54879
1697975810 54879
1697975811 54879
1697975812 54879
1697975813 54879
1697975814 54879
1697975815 54879
1697975816 54879
1697975817 54821
1697975818 54821
1697975820 54821
1697975821 54821
1697975822 54821
1697975823 54821
1697975824 54821
1697975825 54821
1697975826 54821
1697975827 54763
1697975828 54763
1697975829 54763
1697975830 54763
1697975831 54763
1697975832 54763
1697975833 54763
1697975834 54705
1697975836 54705
1697975837 54705
1697975838 54705
1697975839 54705
1697975840 54705
1697975841 54705
1697975842 54705
1697975843 54705
1697975844 54705
1697975845 54705
1697975846 54705
1697975847 54705
1697975848 54705
1697975849 54705
1697975850 54705
1697975852 54705
1697975853 54647
1697975854 54647
1697975855 54647
1697975856 54647
1697975857 54647
1697975858 54647
1697975859 54647
1697975860 54647
1697975861 54647
1697975862 54647
1697975863 54647
1697975864 54647
1697975865 54647
1697975866 54647
1697975868 54647
1697975869 54647
1697975870 54647
1697975871 54647
1697975872 54647
1697975873 54647
1697975874 54647
1697975875 54647
1697975876 54647
1697975877 54589
1697975878 54589
1697975879 54589
1697975880 54589
1697975881 54589
1697975883 54589
1697975884 54589
1697975885 54589
1697975886 54589
1697975887 54589
1697975888 54589
1697975889 54589
1697975890 54589
1697975891 54589
1697975892 54589
1697975893 54589
1697975894 54589
1697975895 54589
1697975897 54589
1697975898 54589
1697975899 54589
1697975900 54589
1697975901 54589
1697975902 54589
1697975903 54589
1697975904 54589
1697975905 54589
1697975906 54589
1697975907 54589
1697975908 54589
1697975909 54589
1697975910 54589
1697975912 54589
1697975913 54589
1697975914 54589
1697975915 54589
1697975916 54589
1697975917 54589
1697975918 54589
1697975919 54589
1697975920 54589
1697975921 54531
1697975922 54531
1697975923 54531
1697975924 54531
1697975925 54531
1697975927 54531
1697975928 54531
1697975929 54531
1697975930 54531
1697975931 54589
1697975932 54531
1697975933 54589
1697975934 54531
1697975935 54589
1697975936 54589
1697975937 54589
1697975938 54589
1697975939 54589
1697975940 54589
1697975941 54589
1697975943 54589
1697975944 54589
1697975945 54589
1697975946 54589
1697975947 54589
1697975948 54589
1697975949 54589
1697975950 54531
1697975951 54531
1697975952 54531
1697975953 54531
1697975954 54531
1697975955 54531
1697975956 54531
1697975957 54531
1697975959 54531
1697975960 54531
1697975961 54531
1697975962 54473
1697975963 54531
1697975964 54531
1697975965 54531
1697975966 54531
1697975967 54531
1697975968 54473
1697975969 54531
1697975970 54531
1697975971 54531
1697975972 54531
1697975973 54531
1697975975 54531
1697975976 54531
1697975977 54531
1697975978 54473
1697975979 54531
1697975980 54531
1697975981 54531
1697975982 54531
1697975983 54531
1697975984 54531
1697975985 54531
1697975986 54531
1697975987 54531
1697975988 54531
1697975989 54531
1697975991 54531
1697975992 54531
1697975993 54531
1697975994 54531
1697975995 54531
1697975996 54531
1697975997 54531
1697975998 54531
1697975999 54531
1697976000 54531
1697976001 54531
1697976002 54531
1697976003 54531
1697976004 54531
1697976006 54531
1697976007 54531
1697976008 54531
1697976009 54531
1697976010 54531
1697976011 54531
1697976012 54531
1697976013 54531
1697976014 54531
1697976015 54531
1697976016 54531
1697976017 54531
1697976018 54531
1697976019 54531
1697976020 54531
1697976022 54531
1697976023 54531
1697976024 54531
1697976025 54531
1697976026 54531
1697976027 54531
1697976028 54531
1697976029 54531
1697976030 54531
1697976031 54531
1697976032 54531
1697976033 54531
1697976034 54531
1697976035 54531
1697976036 54531
1697976038 54531
1697976039 54473
1697976040 54473
1697976041 54473
1697976042 54473
1697976043 54473
1697976044 54473
1697976045 54473
1697976046 54473
1697976047 54415
1697976048 54415
1697976049 54415
1697976050 54415
1697976051 54415
1697976052 54415
1697976054 54415
1697976055 54415
1697976056 54415
1697976057 54415
1697976058 54415
1697976059 54415
1697976060 54415
1697976061 54415
1697976062 54415
1697976063 54473
1697976064 54473
1697976065 54473
1697976066 54473
1697976067 54473
1697976068 54473
1697976070 54473
1697976071 54473
1697976072 54473
1697976073 54473
1697976074 54473
1697976075 54473
1697976076 54473
1697976077 54473
1697976078 54473
1697976079 54473
1697976080 54473
1697976081 54473
1697976082 54473
1697976083 54473
1697976084 54473
1697976086 54473
1697976087 54473
1697976088 54473
1697976089 54473
1697976090 54473
1697976091 54473
1697976092 54473
1697976093 54473
1697976094 54473
1697976095 54473
1697976096 54473
1697976097 54473
1697976098 54473
1697976099 54473
1697976101 54473
1697976102 54473
1697976103 54473
1697976104 54473
1697976105 54473
1697976106 54473
1697976107 54415
1697976108 54415
1697976109 54415
1697976110 54473
1697976111 54473
1697976112 54473
1697976113 54473
1697976114 54473
1697976115 54473
1697976117 54473
1697976118 54473
1697976119 54473
1697976120 54473
1697976121 54473
1697976122 54473
1697976123 54473
1697976124 54473
1697976125 54473
1697976126 54473
1697976127 54473
1697976128 54473
1697976129 54473
1697976130 54473
1697976131 54473
1697976133 54473
1697976134 54473
1697976135 54473
1697976136 54473
1697976137 54473
1697976138 54473
1697976139 54473
1697976140 54473
1697976141 54473
1697976142 54473
1697976143 54415
1697976144 54415
1697976145 54415
1697976146 54415
1697976147 54415
1697976149 54415
1697976150 54415
1697976151 54415
1697976152 54415
1697976153 54415
1697976154 54415
1697976155 54415
1697976156 54415
1697976157 54415
1697976158 54415
1697976159 54415
1697976160 54415
1697976161 54415
1697976162 54415
1697976164 54415
1697976165 54415
1697976166 54415
1697976167 54415
1697976168 54415
1697976169 54473
1697976170 54473
1697976171 54473
1697976172 54473
1697976173 54473
1697976174 54473
1697976175 54473
1697976176 54473
1697976177 54473
1697976178 54473
1697976180 54473
1697976181 54473
1697976182 54473
1697976183 54473
1697976184 54473
1697976185 54473
1697976186 54473
1697976187 54473
1697976188 54415
1697976189 54473
1697976190 54415
1697976191 54415
1697976192 54415
1697976193 54415
1697976194 54415
1697976196 54357
1697976197 54415
1697976198 54415
1697976199 54415
1697976200 54415
1697976201 54415
1697976202 52907
1697976203 51978
1697976204 51282
1697976205 50702
1697976206 50180
1697976207 49774
1697976208 49484
1697976209 49194
1697976210 49020
1697976211 48730
1697976212 48498
1697976213 48266
1697976214 48092
1697976215 47976
1697976216 47802
1697976217 47628
1697976218 47511
1697976219 47395
1697976220 47279
1697976221 47163
1697976222 47047
1697976223 46931
1697976224 46931
1697976225 46873
1697976226 46757
1697976227 46641
1697976228 46525
1697976229 46467
1697976230 46409
1697976231 46293
1697976232 46235
1697976233 46293
1697976234 46177
1697976235 46119
1697976236 46061
1697976237 46003
1697976238 45887
1697976239 45829
1697976240 45771
1697976241 45713
1697976243 45655
1697976244 45655
1697976245 45597
1697976246 45539
1697976247 45481
1697976248 45423
1697976249 45365
1697976250 45307
1697976251 45307
1697976252 45191
1697976253 45191
1697976254 45191
1697976255 45133
1697976256 45075
1697976257 45075
1697976258 45017
1697976259 45017
1697976260 44959
1697976261 44901
