1697981276 40202
1697981277 40028
1697981278 39970
1697981279 39970
1697981280 39912
1697981281 39912
1697981282 39912
1697981283 39912
1697981284 39912
1697981285 39912
1697981286 39912
1697981287 39912
1697981288 39912
1697981289 39912
1697981290 39912
1697981291 39912
1697981292 39912
1697981293 39912
1697981294 39912
1697981295 39912
1697981296 39912
1697981297 39912
1697981298 39912
1697981299 39912
1697981300 39912
1697981301 39912
1697981302 39912
1697981303 39912
1697981304 39970
1697981305 40086
1697981306 40028
1697981307 40028
1697981308 39970
1697981309 39970
1697981310 39970
1697981311 40028
1697981312 39970
1697981313 39970
1697981314 39970
1697981315 39970
1697981316 39970
1697981317 39970
1697981318 39970
1697981319 39970
1697981320 40028
1697981321 39970
1697981322 39970
1697981323 39970
1697981324 39970
1697981325 39970
1697981326 39970
1697981327 39912
1697981328 39912
1697981329 39912
1697981330 39912
1697981331 39912
1697981332 39912
1697981333 39912
1697981334 39912
1697981335 39912
1697981336 41536
1697981338 42232
1697981339 42755
1697981340 43161
1697981341 43451
1697981342 43741
1697981343 43973
1697981344 44147
1697981345 44379
1697981346 44553
1697981347 44727
1697981348 44843
1697981349 45017
1697981350 45133
1697981351 45249
1697981352 45365
1697981354 45481
1697981355 45597
1697981356 45713
1697981357 45829
1697981358 45887
1697981359 46003
1697981360 46061
1697981361 46177
1697981362 46235
1697981363 46351
1697981364 46409
1697981365 46467
1697981366 46525
1697981367 46641
1697981369 46699
1697981370 46757
1697981371 46815
1697981372 46873
1697981373 46989
1697981374 47047
1697981375 47105
1697981376 47163
1697981377 47221
1697981378 47279
1697981379 47337
1697981380 47395
1697981381 47453
1697981382 47511
1697981383 47511
1697981385 47570
1697981386 47628
1697981387 47686
1697981388 47744
1697981389 47802
1697981390 47860
1697981391 47918
1697981392 47918
1697981393 47976
1697981394 48034
1697981395 48092
1697981396 48092
1697981397 48150
1697981398 48208
1697981399 48266
1697981401 48266
1697981402 48324
1697981403 48382
1697981404 48440
1697981405 48440
1697981406 48498
1697981407 48556
1697981408 48556
1697981409 48614
1697981410 48614
1697981411 48672
1697981412 48672
1697981413 48730
1697981414 48788
1697981415 48788
1697981417 48788
1697981418 48846
1697981419 48846
1697981420 48904
1697981421 48904
1697981422 48962
1697981423 48962
1697981424 49020
1697981425 49020
1697981426 49078
1697981427 49136
1697981428 49136
1697981429 49136
1697981430 49194
1697981432 49194
1697981433 49252
1697981434 49252
1697981435 49310
1697981436 49310
1697981437 49310
1697981438 49368
1697981439 49368
1697981440 49368
1697981441 49368
1697981442 49426
1697981443 49484
1697981444 49484
1697981445 49484
1697981446 49484
1697981448 49484
1697981449 49542
1697981450 49542
1697981451 49542
1697981452 49542
1697981453 49600
1697981454 49600
1697981455 49600
1697981456 49658
1697981457 49658
1697981458 49658
1697981459 49716
1697981460 49716
1697981461 49774
1697981463 49774
1697981464 49774
1697981465 49774
1697981466 49832
1697981467 49832
1697981468 49832
1697981469 49832
1697981470 49890
1697981471 49890
1697981472 49948
1697981473 49948
1697981474 49948
1697981475 49948
1697981476 50006
1697981477 50006
1697981479 50006
1697981480 50064
1697981481 50064
1697981482 50064
1697981483 50064
1697981484 50064
1697981485 50122
1697981486 50122
1697981487 50122
1697981488 50122
1697981489 50122
1697981490 50122
1697981491 50180
1697981492 50180
1697981493 50180
1697981495 50180
1697981496 50238
1697981497 50238
1697981498 50238
1697981499 50296
1697981500 50296
1697981501 50296
1697981502 50296
1697981503 50354
1697981504 50354
1697981505 50354
1697981506 50354
1697981507 50412
1697981508 50412
1697981509 50412
1697981511 50412
1697981512 50412
1697981513 50412
1697981514 50470
1697981515 50470
1697981516 50470
1697981517 50470
1697981518 50528
1697981519 50528
1697981520 50528
1697981521 50528
1697981522 50528
1697981523 50586
1697981524 50586
1697981525 50586
1697981527 50586
1697981528 50586
1697981529 50586
1697981530 50644
1697981531 50644
1697981532 50644
1697981533 50644
1697981534 50644
1697981535 50644
1697981536 50644
1697981537 50644
1697981538 50644
1697981539 50644
1697981540 50644
1697981542 50644
1697981543 50644
1697981544 50644
1697981545 50644
1697981546 50644
1697981547 50644
1697981548 50644
1697981549 50644
1697981550 50644
1697981551 50644
1697981552 50644
1697981553 50702
1697981554 50702
1697981555 50702
1697981557 50702
1697981558 50702
1697981559 50702
1697981560 50702
1697981561 50702
1697981562 50702
1697981563 50702
1697981564 50702
1697981565 50702
1697981566 50760
1697981567 50760
1697981568 50702
1697981569 50702
1697981570 50760
1697981571 50760
1697981573 50760
1697981574 50760
1697981575 50760
1697981576 50760
1697981577 50760
1697981578 50760
1697981579 50760
1697981580 50818
1697981581 50760
1697981582 50818
1697981583 50818
1697981584 50818
1697981585 50818
1697981586 50818
1697981587 50876
1697981589 50876
1697981590 50876
1697981591 50876
1697981592 50876
1697981593 50876
1697981594 50876
1697981595 50876
1697981596 50934
1697981597 50934
1697981598 50934
1697981599 50934
1697981600 50934
1697981601 50934
1697981602 50934
1697981603 50934
1697981605 50934
1697981606 50934
1697981607 50934
1697981608 50934
1697981609 50934
1697981610 50992
1697981611 50934
1697981612 50934
1697981613 50992
1697981614 50992
1697981615 50992
1697981616 50992
1697981617 50992
1697981618 50992
1697981619 50992
1697981621 50992
1697981622 50992
1697981623 50992
1697981624 51050
1697981625 50992
1697981626 50992
1697981627 51050
1697981628 51050
1697981629 51050
1697981630 51050
1697981631 51050
1697981632 51050
1697981633 51050
1697981634 51050
1697981635 51050
1697981637 51050
1697981638 51050
1697981639 51050
1697981640 51050
1697981641 51050
1697981642 51050
1697981643 51050
1697981644 51050
1697981645 51050
1697981646 51050
1697981647 51108
1697981648 51108
1697981649 51108
1697981650 51108
1697981651 51108
1697981653 51108
1697981654 51108
1697981655 51166
1697981656 51166
1697981657 51166
1697981658 51166
1697981659 51166
1697981660 51166
1697981661 51166
1697981662 51166
1697981663 51224
1697981664 51224
1697981665 51224
1697981666 51224
1697981667 51224
1697981669 51224
1697981670 51224
1697981671 51224
1697981672 51224
1697981673 51282
1697981674 51282
1697981675 51282
1697981676 51282
1697981677 51282
1697981678 51282
1697981679 51282
1697981680 51282
1697981681 51282
1697981682 51282
1697981684 51282
1697981685 51282
1697981686 51282
1697981687 51282
1697981688 51282
1697981689 51282
1697981690 51282
1697981691 51282
1697981692 51282
1697981693 51282
1697981694 51340
1697981695 51340
1697981696 51340
1697981697 51340
1697981698 51340
1697981700 51340
1697981701 51340
1697981702 51340
1697981703 51340
1697981704 51340
1697981705 51340
1697981706 51340
1697981707 51340
1697981708 51340
1697981709 51340
1697981710 51340
1697981711 51340
1697981712 51398
1697981713 51398
1697981714 51398
1697981716 51398
1697981717 51398
1697981718 51398
1697981719 51340
1697981720 51398
1697981721 51398
1697981722 51398
1697981723 51398
1697981724 51398
1697981725 51398
1697981726 51398
1697981727 51398
1697981728 51398
1697981729 51398
1697981730 51398
1697981732 51398
1697981733 51398
1697981734 51398
1697981735 51398
1697981736 51398
1697981737 51398
1697981738 51398
1697981739 51398
1697981740 51398
1697981741 51398
1697981742 51456
1697981743 51456
1697981744 51456
1697981745 51456
1697981746 51456
1697981748 51456
1697981749 51456
1697981750 51456
1697981751 51456
1697981752 51456
1697981753 51456
1697981754 51456
1697981755 51514
1697981756 51514
1697981757 51514
1697981758 51514
1697981759 51514
1697981760 51514
1697981762 51514
1697981763 51514
1697981764 51514
1697981765 51514
1697981766 51514
1697981767 51514
1697981768 51514
1697981769 51514
1697981770 51514
1697981771 51514
1697981772 51514
1697981773 51514
1697981774 51514
1697981775 51514
1697981776 51514
1697981778 51514
1697981779 51514
1697981780 51514
1697981781 51514
1697981782 51514
1697981783 51514
1697981784 51572
1697981785 51514
1697981786 51514
1697981787 51572
1697981788 51572
1697981789 51572
1697981790 51572
1697981792 51572
1697981793 51572
1697981794 51572
1697981795 51572
1697981796 51572
1697981797 51630
1697981798 51630
1697981799 51572
1697981800 51630
1697981801 51572
1697981802 51630
1697981803 51630
1697981804 51630
1697981805 51630
1697981807 51630
1697981808 51630
1697981809 51630
1697981810 51630
1697981811 51630
1697981812 51630
1697981813 51630
1697981814 51630
1697981815 51630
1697981816 51630
1697981817 51630
1697981818 51630
1697981819 51630
1697981821 51630
1697981822 51630
1697981823 51688
1697981824 51688
1697981825 51688
1697981826 51688
1697981827 51688
1697981828 51688
1697981829 51688
1697981830 51688
1697981831 51688
1697981832 51688
1697981833 51688
1697981834 51688
1697981836 51688
1697981837 51688
1697981838 51688
1697981839 51746
1697981840 51746
1697981841 51746
1697981842 51746
1697981843 51746
1697981844 51746
1697981845 51746
1697981846 51746
1697981847 51746
1697981848 51746
1697981849 51746
1697981851 51746
1697981852 51746
1697981853 51746
1697981854 51746
1697981855 51746
1697981856 51746
1697981857 51746
1697981858 51746
1697981859 51746
1697981860 51746
1697981861 51746
1697981862 51746
1697981863 51746
1697981865 51746
1697981866 51746
1697981867 51746
1697981868 51746
1697981869 51746
1697981870 51804
1697981871 51746
1697981872 51746
1697981873 51804
1697981874 51746
1697981875 51804
1697981876 51804
1697981877 51804
1697981878 51804
1697981880 51804
1697981881 51804
1697981882 51804
1697981883 51804
1697981884 51804
1697981885 51804
1697981886 51804
1697981887 51804
1697981888 51804
1697981889 51804
1697981890 51804
1697981891 51804
1697981892 51804
1697981893 51804
1697981895 51804
1697981896 51804
1697981897 51804
1697981898 51804
1697981899 51804
1697981900 51804
1697981901 51804
1697981902 51804
1697981903 51804
1697981904 51804
1697981905 51804
1697981906 51804
1697981907 51804
1697981908 51804
1697981909 51804
1697981911 51804
1697981912 51804
1697981913 51804
1697981914 51804
1697981915 51804
1697981916 51804
1697981917 51804
1697981918 51804
1697981919 51804
1697981920 51804
1697981921 51804
1697981922 51862
1697981923 51804
1697981924 51804
1697981925 51862
1697981927 51862
1697981928 51862
1697981929 51862
1697981930 51862
1697981931 51804
1697981932 51804
1697981933 51862
1697981934 51862
1697981935 51862
1697981936 51862
1697981937 51862
1697981938 51862
1697981939 51862
1697981940 51862
1697981941 51862
1697981943 51862
1697981944 51862
1697981945 51862
1697981946 51862
1697981947 51862
1697981948 51862
1697981949 51862
1697981950 51862
1697981951 51862
1697981952 51862
1697981953 51862
1697981954 51862
1697981955 51862
1697981956 51862
1697981957 51862
1697981959 51862
1697981960 51862
1697981961 51862
1697981962 51862
1697981963 51862
1697981964 51862
1697981965 51862
1697981966 51862
1697981967 51862
1697981968 51920
1697981969 51920
1697981970 51920
1697981971 51920
1697981972 51920
1697981973 51862
1697981974 51920
1697981976 51920
1697981977 51920
1697981978 51862
1697981979 51862
1697981980 51920
1697981981 51920
1697981982 51862
1697981983 51920
1697981984 51920
1697981985 51862
1697981986 51862
1697981987 51920
1697981988 51920
1697981989 51920
1697981991 51920
1697981992 51920
1697981993 51920
1697981994 51920
1697981995 51920
1697981996 51920
1697981997 51920
1697981998 51920
1697981999 51920
1697982000 51920
1697982001 51920
1697982002 51920
1697982003 51978
1697982004 51920
1697982005 51978
1697982006 51978
1697982008 51978
1697982009 51978
1697982010 51978
1697982011 51978
1697982012 51978
1697982013 51978
1697982014 51978
1697982015 51978
1697982016 51978
1697982017 51978
1697982018 51978
1697982019 51978
1697982020 51978
1697982021 51978
1697982022 51978
1697982024 51978
1697982025 51978
1697982026 51978
1697982027 51978
1697982028 51978
1697982029 51978
1697982030 51978
1697982031 51978
1697982032 51978
1697982033 51978
1697982034 51978
1697982035 51978
1697982036 51978
1697982037 51978
1697982038 51978
1697982040 51978
1697982041 51978
1697982042 51978
1697982043 51978
1697982044 51978
1697982045 51978
1697982046 51978
1697982047 51978
1697982048 51978
1697982049 51978
1697982050 51978
1697982051 51978
1697982052 51978
1697982053 51978
1697982054 51978
1697982056 51978
1697982057 51978
1697982058 51978
1697982059 51978
1697982060 51978
1697982061 51978
1697982062 51978
1697982063 51978
1697982064 51978
1697982065 51978
1697982066 51978
1697982067 51978
1697982068 51978
1697982069 51978
1697982071 51978
1697982072 51978
1697982073 51978
1697982074 51978
1697982075 51978
1697982076 51978
1697982077 52036
1697982078 52036
1697982079 52036
1697982080 52036
1697982081 52036
1697982082 52036
1697982083 52036
1697982084 52036
1697982086 52036
1697982087 52036
1697982088 52036
1697982089 52036
1697982090 52036
1697982091 52036
1697982092 52036
1697982093 52036
1697982094 52036
1697982095 52036
1697982096 52036
1697982097 52036
1697982098 52036
1697982099 52036
1697982101 52094
1697982102 52094
1697982103 52094
1697982104 52094
1697982105 52094
1697982106 52094
1697982107 52094
1697982108 52094
1697982109 52094
1697982110 52152
1697982111 52152
1697982112 52152
1697982113 52152
1697982114 52152
1697982116 52152
1697982117 52210
1697982118 52210
1697982119 52210
1697982120 52210
1697982121 52210
1697982122 52210
1697982123 52210
1697982124 52210
1697982125 52210
1697982126 52268
1697982127 52268
1697982128 52268
1697982130 52326
1697982131 52326
1697982132 52326
1697982133 52326
1697982134 52326
1697982135 52326
1697982136 52326
1697982137 52326
1697982138 52326
1697982139 52326
1697982140 52326
1697982141 52326
1697982142 52326
1697982143 52326
1697982145 52384
1697982146 52384
1697982147 52384
1697982148 52384
1697982149 52384
1697982150 52384
1697982151 52384
1697982152 52442
1697982153 52442
1697982154 52442
1697982155 52442
1697982156 52442
1697982157 52442
1697982158 52442
1697982159 52442
1697982161 52501
1697982162 52442
1697982163 52501
1697982164 52501
1697982165 52442
1697982166 52501
1697982167 52501
1697982168 52501
1697982169 52501
1697982170 52501
1697982171 52501
1697982172 52501
1697982173 52501
1697982174 52501
1697982175 52501
1697982177 52501
1697982178 52501
1697982179 52501
1697982180 52501
1697982181 52501
1697982182 52501
1697982183 52559
1697982184 52559
1697982185 52559
1697982186 52559
1697982187 52559
1697982188 52559
1697982189 52559
1697982190 52559
1697982191 52559
1697982193 52559
1697982194 52559
1697982195 52559
1697982196 52559
1697982197 52559
1697982198 52559
1697982199 52559
1697982200 52559
1697982201 52559
1697982202 52559
1697982203 52559
1697982204 52559
1697982205 52559
1697982206 52559
1697982207 52559
1697982209 52559
1697982210 52559
1697982211 52559
1697982212 52559
1697982213 52559
1697982214 52617
1697982215 52617
1697982216 52617
1697982217 52559
1697982218 52559
1697982219 52559
1697982220 52559
1697982221 52559
1697982222 52559
1697982223 52559
1697982225 52559
1697982226 52559
1697982227 52559
1697982228 52559
1697982229 52559
1697982230 52617
1697982231 52617
1697982232 52617
1697982233 52617
1697982234 52617
1697982235 52617
1697982236 52617
1697982237 52617
1697982238 52559
1697982239 52559
1697982241 52559
1697982242 52559
1697982243 52559
1697982244 52559
1697982245 52559
1697982246 52559
1697982247 52559
1697982248 52559
1697982249 52559
1697982250 52559
1697982251 52559
1697982252 52559
1697982253 52617
1697982254 52559
1697982255 52617
1697982257 52559
1697982258 52559
1697982259 52559
1697982260 52559
1697982261 52559
1697982262 52559
1697982263 52559
1697982264 52559
1697982265 52559
1697982266 52559
1697982267 52559
1697982268 52559
1697982269 52559
1697982270 52559
1697982271 52559
1697982273 52559
1697982274 52559
1697982275 52559
1697982276 52559
1697982277 52559
1697982278 52559
1697982279 52559
1697982280 52559
1697982281 52559
1697982282 52559
1697982283 52617
1697982284 52617
1697982285 52559
1697982286 52559
1697982288 52617
1697982289 52559
1697982290 52559
1697982291 52559
1697982292 52559
1697982293 52559
1697982294 52559
1697982295 52559
1697982296 52559
1697982297 52617
1697982298 52559
1697982299 52559
1697982300 52559
1697982301 52559
1697982303 52559
1697982304 52559
1697982305 52617
1697982306 52559
1697982307 52617
1697982308 52617
1697982309 52617
1697982310 52617
1697982311 52617
1697982312 52617
1697982313 52617
1697982314 52617
1697982315 52617
1697982316 52617
1697982317 52617
1697982318 52617
1697982320 52617
1697982321 52617
1697982322 52617
1697982323 52617
1697982324 52617
1697982325 52617
1697982326 52675
1697982327 52675
1697982328 52675
1697982329 52675
1697982330 52675
1697982331 52675
1697982332 52675
1697982333 52675
1697982334 52675
1697982336 52733
1697982337 52733
1697982338 52733
1697982339 52733
1697982340 52733
1697982341 52733
1697982342 52733
1697982343 52733
1697982344 52733
1697982345 52733
1697982346 52791
1697982347 52733
1697982348 52791
1697982349 52791
1697982350 52791
1697982352 52791
1697982353 52791
1697982354 52791
1697982355 52791
1697982356 52791
1697982357 52791
1697982358 52791
1697982359 52791
1697982360 52791
1697982361 52791
1697982362 52791
1697982363 52733
1697982364 52791
1697982365 52791
1697982366 52791
1697982368 52791
1697982369 52791
1697982370 52791
1697982371 52791
1697982372 52791
1697982373 52791
1697982374 52791
1697982375 52791
1697982376 52791
1697982377 52733
1697982378 52791
1697982379 52733
1697982380 52791
1697982381 52791
1697982383 52791
1697982384 52791
1697982385 52791
1697982386 52791
1697982387 52791
1697982388 52791
1697982389 52791
1697982390 52791
1697982391 52791
1697982392 52791
1697982393 52791
1697982394 52791
1697982395 52791
1697982396 52791
1697982397 52791
1697982399 52791
1697982400 52791
1697982401 52791
1697982402 52791
1697982403 52791
1697982404 52791
1697982405 52791
1697982406 52791
1697982407 52791
1697982408 52791
1697982409 52791
1697982410 52791
1697982411 52791
1697982412 52791
1697982414 52791
1697982415 52791
1697982416 52791
1697982417 52791
1697982418 52849
1697982419 52791
1697982420 52791
1697982421 52849
1697982422 52849
1697982423 52849
1697982424 52849
1697982425 52849
1697982426 52849
1697982427 52849
1697982428 52849
1697982430 52849
1697982431 52849
1697982432 52849
1697982433 52849
1697982434 52849
1697982435 52849
1697982436 52849
1697982437 52849
1697982438 52849
1697982439 52849
1697982440 52849
1697982441 52907
1697982442 52907
1697982443 52907
1697982444 52907
1697982446 52907
1697982447 52907
1697982448 52907
1697982449 52907
1697982450 52907
1697982451 52907
1697982452 52907
1697982453 52907
1697982454 52849
1697982455 52849
1697982456 52907
1697982457 52907
1697982458 52907
1697982459 52907
1697982460 52907
1697982462 52907
1697982463 52907
1697982464 52907
1697982465 52907
1697982466 52907
1697982467 52907
1697982468 52907
1697982469 52907
1697982470 52907
1697982471 52907
1697982472 52907
1697982473 52907
1697982474 52907
1697982475 52907
1697982477 52907
1697982478 52907
1697982479 52907
1697982480 52907
1697982481 52907
1697982482 52965
1697982483 52965
1697982484 52965
1697982485 52965
1697982486 52965
1697982487 52965
1697982488 52965
1697982489 52965
1697982490 52965
1697982491 52965
1697982493 52965
1697982494 52965
1697982495 52965
1697982496 52965
1697982497 52965
1697982498 52965
1697982499 52965
1697982500 52965
1697982501 52965
1697982502 52965
1697982503 53023
1697982504 52965
1697982505 52965
1697982506 52965
1697982508 53023
1697982509 53023
1697982510 52965
1697982511 53023
1697982512 52965
1697982513 53023
1697982514 52965
1697982515 52965
1697982516 53023
1697982517 53023
1697982518 53023
1697982519 53023
1697982520 53023
1697982522 53023
1697982523 53023
1697982524 53023
1697982525 53023
1697982526 53023
1697982527 53023
1697982528 53023
1697982529 53023
1697982530 53023
1697982531 53023
1697982532 53023
1697982533 53023
1697982534 53023
1697982535 53023
1697982537 53023
1697982538 53023
1697982539 53023
1697982540 53023
1697982541 53023
1697982542 53023
1697982543 53023
1697982544 53023
1697982545 52965
1697982546 53023
1697982547 53023
1697982548 53023
1697982549 53023
1697982550 53023
1697982552 53023
1697982553 53023
1697982554 53023
1697982555 52965
1697982556 53023
1697982557 53023
1697982558 53023
1697982559 53023
1697982560 53023
1697982561 53023
1697982562 53023
1697982563 53023
1697982564 53023
1697982566 53023
1697982567 53023
1697982568 53023
1697982569 53023
1697982570 53023
1697982571 53023
1697982572 53023
1697982573 53023
1697982574 53023
1697982575 53023
1697982576 53023
1697982577 53023
1697982578 53023
1697982579 53023
1697982581 53023
1697982582 53023
1697982583 53023
1697982584 53023
1697982585 53023
1697982586 53023
1697982587 53023
1697982588 53023
1697982589 53023
1697982590 53023
1697982591 53023
1697982592 53023
1697982593 53023
1697982594 53023
1697982595 53023
1697982596 53023
1697982598 53023
1697982599 53023
1697982600 53023
1697982601 53023
1697982602 53023
1697982603 53023
1697982604 53023
1697982605 53023
1697982606 53023
1697982607 53023
1697982608 53023
1697982609 53023
1697982610 53023
1697982611 53023
1697982612 53081
1697982614 53081
1697982615 53081
1697982616 53081
1697982617 53081
1697982618 53081
1697982619 53081
1697982620 53081
1697982621 53081
1697982622 53081
1697982623 53081
1697982624 53081
1697982625 53081
1697982626 53081
1697982627 53081
1697982628 53081
1697982630 53081
1697982631 53081
1697982632 53081
1697982633 53081
1697982634 53081
1697982635 53081
1697982636 53081
1697982637 53081
1697982638 53081
1697982639 53081
1697982640 53081
1697982641 53081
1697982642 53081
1697982643 53081
1697982644 53081
1697982646 53081
1697982647 53081
1697982648 53081
1697982649 53081
1697982650 53081
1697982651 53081
1697982652 53139
1697982653 53139
1697982654 53139
1697982655 53139
1697982656 53139
1697982657 53139
1697982658 53139
1697982659 53081
1697982661 53081
1697982662 53139
1697982663 53081
1697982664 53139
1697982665 53139
1697982666 53139
1697982667 53139
1697982668 53139
1697982669 53139
1697982670 53139
1697982671 53139
1697982672 53139
1697982673 53139
1697982674 53139
1697982675 53139
1697982677 53139
1697982678 53139
1697982679 53139
1697982680 53139
1697982681 53139
1697982682 53139
1697982683 53139
1697982684 53081
1697982685 53081
1697982686 53081
1697982687 53081
1697982688 53081
1697982689 53081
1697982690 53081
1697982691 53081
1697982693 53081
1697982694 53081
1697982695 53081
1697982696 53081
1697982697 53023
1697982698 53023
1697982699 53023
1697982700 53023
1697982701 53023
1697982702 53023
1697982703 53023
1697982704 53023
1697982705 53023
1697982706 53023
1697982707 53023
1697982709 53023
1697982710 53023
1697982711 52965
1697982712 53023
1697982713 52965
1697982714 52965
1697982715 52965
1697982716 52965
1697982717 52965
1697982718 52965
1697982719 52965
1697982720 52965
1697982721 52965
1697982722 52965
1697982723 52965
1697982725 52965
1697982726 52965
1697982727 52965
1697982728 52965
1697982729 52965
1697982730 52965
1697982731 52965
1697982732 52907
1697982733 52907
1697982734 52907
1697982735 52907
1697982736 52907
1697982737 52907
1697982738 52907
1697982740 52907
1697982741 52907
1697982742 52907
1697982743 52907
1697982744 52907
1697982745 52907
1697982746 52907
1697982747 52849
1697982748 52849
1697982749 52849
1697982750 52849
1697982751 52849
1697982752 52849
1697982753 52849
1697982754 52849
1697982755 52849
1697982757 52849
1697982758 52849
1697982759 52849
1697982760 52849
1697982761 52849
1697982762 52849
1697982763 52849
1697982764 52849
1697982765 52849
1697982766 52849
1697982767 52849
1697982768 52849
1697982769 52849
1697982770 52849
1697982771 52849
1697982773 52849
1697982774 52849
1697982775 52849
1697982776 52849
1697982777 52849
1697982778 52849
1697982779 52849
1697982780 52849
1697982781 52849
1697982782 52849
1697982783 52849
1697982784 52849
1697982785 52849
1697982786 52849
1697982787 52849
1697982789 52791
1697982790 52791
1697982791 52791
1697982792 52791
1697982793 52791
1697982794 52733
1697982795 52733
1697982796 52733
1697982797 52733
1697982798 52733
1697982799 52733
1697982800 52733
1697982801 52733
1697982802 52733
1697982804 52733
1697982805 52733
1697982806 52733
1697982807 52733
1697982808 52733
1697982809 52733
1697982810 52733
1697982811 52733
1697982812 52733
1697982813 52733
1697982814 52733
1697982815 52733
1697982816 52733
1697982817 52733
1697982818 52733
1697982820 52733
1697982821 52733
1697982822 52733
1697982823 52733
1697982824 52733
1697982825 52733
1697982826 52733
1697982827 52733
1697982828 52733
1697982829 52733
1697982830 52733
1697982831 52733
1697982832 52733
1697982833 52675
1697982834 52733
1697982836 52675
1697982837 50934
1697982838 50238
1697982839 49716
1697982840 49310
1697982841 49020
1697982842 48730
1697982843 48556
1697982844 48324
1697982845 48092
1697982846 47918
1697982847 47744
1697982848 47570
1697982849 47453
1697982850 47279
1697982851 47221
1697982852 47047
1697982853 46931
1697982854 46815
1697982855 46699
1697982856 46641
1697982857 46525
1697982858 46409
1697982859 46351
1697982860 46235
1697982861 46177
1697982862 46119
1697982863 46003
1697982864 45887
1697982865 45829
1697982866 45771
1697982867 45713
1697982868 45655
1697982869 45539
1697982870 45539
1697982871 45481
1697982872 45423
1697982873 45365
1697982874 45249
1697982875 45191
1697982876 45191
1697982877 45133
1697982878 45075
1697982879 45017
1697982880 44959
1697982881 44901
1697982882 44901
1697982883 44785
1697982884 44785
1697982885 44727
1697982886 44669
1697982887 44669
1697982888 44611
1697982889 44553
1697982890 44495
1697982891 44495
1697982892 44437
1697982893 44437
1697982894 44379
1697982895 44321
